check 0
3
40.056000 959.022388 269877.551020
18
47.931000 949.225179 327020.408163
29
37.398000 959.801917 653.061224
39
38.941000 960.001878 3591.836735
check 1
3
44.702000 952.450562 2448.979592
9
44.414000 952.639839 489.795918
26
61.306000 928.237872 653.061224
27
48.866000 944.739883 528816.326531
31
44.528000 954.418614 24326.530612
check 0
1
47.285000 951.726179 215020.408163
10
37.443000 955.952430 163.265306
16
49.040000 940.826023 541224.489796
22
52.645000 942.143839 653.061224
31
37.569000 958.507302 2938.775510
33
48.982000 950.101351 557877.551020
35
38.455000 960.612703 124244.897959
37
38.178000 955.408568 1795.918367
check 1
2
44.798000 950.528557 8816.326531
5
46.222000 942.107117 92408.163265
11
42.875000 954.162185 816.326531
17
32.426000 963.091036 489.795918
34
49.803000 949.262908 677877.551020
check 0
11
48.217000 948.946473 389714.285714
17
46.137000 952.434265 326.530612
18
43.838000 955.001407 2122.448980
20
43.578000 955.340135 1469.387755
26
49.242000 947.901665 582204.081633
33
45.191000 953.850042 109061.224490
34
44.726000 954.297604 27591.836735
36
49.496000 947.730921 627591.836735
38
44.765000 954.246392 46530.612245
check 1
3
43.429000 944.089817 653.061224
5
47.884000 951.120817 305632.653061
10
41.825000 957.098273 489.795918
17
45.886000 947.499540 47673.469388
18
50.031000 948.832363 326.530612
21
45.233000 953.298353 3755.102041
22
43.367000 953.769932 6530.612245
29
41.742000 945.948861 816.326531
32
43.806000 953.124175 1632.653061
41
47.851000 951.103827 73469.387755
check 0
0
48.337000 950.484641 23673.469388
1
46.505000 952.546055 77387.755102
3
48.623000 942.034600 5714.285714
5
45.237000 953.665071 14857.142857
6
46.774000 950.081349 1795.918367
8
44.556000 952.529880 13551.020408
14
53.247000 945.673174 369469.387755
16
44.211000 948.918175 489.795918
20
49.970000 949.042700 251265.306122
23
46.598000 946.911946 122612.244898
24
51.306000 947.683427 228734.693878
26
47.037000 951.924301 110367.346939
30
43.491000 955.475334 65469.387755
34
57.653000 929.588289 151836.734694
37
44.920000 949.132307 489.795918
40
53.823000 921.770295 72816.326531
check 1
0
44.644000 951.521855 8489.795918
1
44.806000 953.857722 3591.836735
6
46.420000 952.156933 114612.244898
8
46.317000 944.205048 1795.918367
9
50.927000 948.021254 586285.714286
10
38.444000 960.635017 52897.959184
13
44.265000 954.544866 653.061224
22
47.047000 950.855676 273632.653061
25
49.489000 949.345571 3265.306122
27
45.453000 953.346664 2775.510204
29
63.173000 935.636913 163.265306
33
44.204000 953.003105 1306.122449
36
47.024000 951.967995 199836.734694
check 0
1
48.324000 950.694284 387428.571429
5
46.031000 949.440259 489.795918
7
48.759000 947.011368 47183.673469
8
52.652000 944.057303 34938.775510
9
45.827000 952.902683 11102.040816
10
45.819000 951.435980 816.326531
11
45.627000 953.278800 163.265306
19
45.675000 947.302578 489.795918
21
43.958000 953.194523 9142.857143
24
45.963000 926.167498 653.061224
26
45.914000 942.573146 16653.061224
27
49.916000 949.098244 166857.142857
28
53.545000 944.772465 816.326531
29
45.311000 951.751925 5224.489796
33
45.364000 951.757541 19265.306122
34
45.641000 953.148440 8489.795918
36
45.611000 946.536812 653.061224
check 1
0
46.151000 947.369868 25795.918367
3
49.847000 940.401411 498448.979592
4
47.124000 945.002155 163.265306
5
45.513000 951.629355 15673.469388
6
45.589000 933.864235 2775.510204
12
37.472000 959.395482 489.795918
15
47.310000 951.740064 212897.959184
20
38.411000 960.557894 4244.897959
27
52.062000 946.892506 225795.918367
28
53.843000 943.166456 157387.755102
30
44.850000 951.292510 489.795918
32
37.686000 958.995160 5061.224490
33
42.213000 954.902411 1959.183673
34
38.259000 958.648689 2775.510204
36
52.669000 939.086574 163.265306
40
44.590000 950.950546 2285.714286
41
43.974000 954.965160 24816.326531
