Number of senders
10
3.62087e+07   0.0100175   0.999419   7.97248e-05
3.62087e+07   0.0100175   0.999419   7.97248e-05
20
7.18111e+07   0.0100208   0.998835   0.000596892
6.98479e+07   0.0100207   0.999062   0.000407238
30
1.07109e+08   0.0100212   0.9982   0.00119595
1.01624e+08   0.010021   0.998269   0.00114709
40
1.36145e+08   0.0100198   0.998064   0.00144593
1.32804e+08   0.0100196   0.997978   0.001631
50
1.70267e+08   0.0100187   0.997947   0.00149219
1.68659e+08   0.0100186   0.997898   0.00148924
